
power = 2031.40604010524
throughput = 2467.83
composite = 2239.00977397440
